(-1.08399,13.6536,-1.01)
(-1.08399,13.6536,-0.99)
(-1.084,13.6536,0)
(-1.08401,13.6536,0.018)
(-1.084,13.6536,0.05)
(-1.084,13.6536,0.050001)
(-1.06872,13.642,18.7454)
(-1.05993,13.6321,33.7738)
(-1.05476,13.6264,42.9542)
(-1.05084,13.6226,50)
(-1.05083,13.6226,50.018)
(-1.05079,13.6226,50.05)
(-1.05079,13.6226,50.05)
(-1.03723,13.597,71.8623)
(-1.02007,13.57,95.0173)
(-1.03449,13.5565,99.7498)
(-1.04665,13.4886,108.015)
(-1.0447,13.48,108.972)
(-1.01505,13.4445,113.908)
(-0.958662,13.4049,120.054)
(-0.948983,13.3953,121.54)
(-0.944899,13.3896,122.314)
(-0.928789,13.3739,124.515)
(-0.891692,13.354,128.341)
(-0.881707,13.3202,131.011)
(-0.881365,13.3163,131.257)
(-0.881156,13.3146,131.368)
(-0.879701,13.3025,132.142)
(-0.86966,13.2387,135.549)
(-0.86611,13.2179,136.668)
(-0.855836,13.1513,140.804)
(-0.853026,13.1392,141.502)
(-0.84169,13.0892,144.257)
(-0.829098,13.0389,147.007)
(-0.822095,13.0202,147.974)
(-0.818863,13.0121,148.429)
(-0.808244,12.9855,149.742)
(-0.799789,12.9664,150.713)
(-0.799549,12.9658,150.742)
(-0.794954,12.9556,151.24)
(-0.791965,12.9485,151.557)
(-0.773991,12.9037,153.473)
(-0.770014,12.89,154.035)
(-0.76651,12.8764,154.533)
(-0.763055,12.8638,154.99)
(-0.66741,12.4498,169.859)
(-0.614794,12.2226,178.061)
(-0.473751,11.6156,200)
(-0.473642,11.6151,200.018)
(-0.47343,11.6142,200.05)
(-0.47343,11.6142,200.05)
(-0.265391,10.7273,231.618)
(-0.153025,10.1844,250)
(-0.152915,10.1839,250.018)
(-0.152709,10.183,250.05)
(-0.152709,10.183,250.05)
(-29.7127,2.70798,-1.01)
(-29.7127,2.70797,-0.99)
(-29.7129,2.70782,0)
(-29.7129,2.70782,0.018)
(-29.7129,2.70782,0.05)
(-29.7129,2.70782,0.050001)
(-29.713,2.70781,0.426718)
(-29.7147,2.70759,5.05628)
(-29.728,2.70158,50)
(-29.728,2.70158,50.018)
(-29.728,2.70158,50.05)
(-29.728,2.70158,50.05)
(-29.705,2.70332,91.1742)
(-29.684,2.70905,120.657)
(-29.6826,2.70985,123.644)
(-29.6818,2.70995,124.2)
(-29.6817,2.70979,124.804)
(-29.6817,2.70964,125.099)
(-29.6801,2.70643,126.811)
(-29.6779,2.70472,127.389)
(-29.6518,2.20912,127.573)
(-29.6355,1.7657,127.743)
(-29.6275,1.36696,127.896)
(-29.6202,1.0079,128.03)
(-29.6139,0.68766,128.148)
(-29.6101,0.399634,128.254)
(-29.6005,0.139259,128.345)
(-29.5863,-0.0934487,128.43)
(-29.5754,-0.302348,128.505)
(-29.5609,-0.49192,128.569)
(-29.5469,-0.660488,128.627)
(-29.5337,-0.810428,128.681)
(-29.5246,-0.944309,128.728)
(-29.5172,-1.06318,128.772)
(-29.5099,-1.16752,128.809)
(-29.5028,-1.25635,128.843)
(-29.4949,-1.32426,128.865)
(-29.493,-1.33687,128.869)
(-29.493,-1.33704,128.869)
(-29.493,-1.33704,128.869)
(34.7437,10.6573,-1.01)
(34.7437,10.6573,-0.99)
(34.7438,10.6573,1.11022e-16)
(34.7438,10.6573,0.018)
(34.7438,10.6573,0.05)
(34.7438,10.6573,0.050001)
(34.7438,10.6573,0.0588964)
(34.745,10.6557,14.406)
(34.7462,10.6508,34.4408)
(34.7471,10.646,50)
(34.7471,10.646,50.018)
(34.7471,10.646,50.05)
(34.7471,10.646,50.05)
(34.739,10.6236,86.085)
(34.7524,10.5896,143.728)
(34.7537,10.5523,200)
(34.7537,10.5523,200.018)
(34.7537,10.5523,200.05)
(34.7537,10.5523,200.05)
(34.7534,10.5522,214.345)
(34.7499,10.555,250)
(34.7499,10.555,250.018)
(34.7499,10.555,250.05)
(34.7499,10.555,250.05)
(22.4538,35.1684,-1.01)
(22.4538,35.1684,-0.99)
(22.4538,35.1685,1.11022e-16)
(22.4538,35.1685,0.018)
(22.4538,35.1685,0.05)
(22.4538,35.1685,0.050001)
(22.4561,35.1679,8.93904)
(22.4573,35.1676,12.6622)
(22.4615,35.1613,48.922)
(22.4616,35.1609,50)
(22.4616,35.1609,50.018)
(22.4616,35.1608,50.05)
(22.4616,35.1608,50.05)
(22.4608,35.1559,56.0341)
(22.4614,35.1064,100.45)
(22.4617,35.0997,105.114)
(22.4305,35.1175,112.824)
(22.3545,35.1459,121.932)
(22.3507,35.1429,122.555)
(22.35,35.1421,122.687)
(22.3224,35.1215,126.224)
(22.3173,35.1166,126.806)
(22.3133,35.1129,127.258)
(22.2688,35.0771,132.033)
(22.2595,35.0724,132.733)
(22.2415,35.0617,134.188)
(22.2339,35.0585,134.789)
(22.1941,35.0431,137.594)
(22.1829,35.0398,138.393)
(22.0872,35.0039,145.302)
(21.9424,34.9395,153.424)
(21.2606,34.6444,191.779)
(21.1163,34.5794,200)
(21.116,34.5792,200.018)
(21.1155,34.579,200.05)
(21.1155,34.579,200.05)
(20.8708,34.4598,214.002)
(20.837,34.4433,215.939)
(20.552,34.3027,232.35)
(20.247,34.1509,250)
(20.2467,34.1508,250.018)
(20.2461,34.1505,250.05)
(20.2461,34.1505,250.05)
(-18.2387,-36.1722,-1.01)
(-18.2387,-36.1722,-0.99)
(-18.2387,-36.1721,0)
(-18.2387,-36.1721,0.018)
(-18.2387,-36.1722,0.05)
(-18.2387,-36.1722,0.050001)
(-18.2393,-36.1714,11.0153)
(-18.2433,-36.1723,42.0914)
(-18.2436,-36.1705,50)
(-18.2436,-36.1705,50.018)
(-18.2436,-36.1705,50.05)
(-18.2436,-36.1705,50.05)
(-18.2775,-36.1356,101.211)
(-18.285,-36.1455,105.149)
(-18.2938,-36.1462,108.016)
(-18.2963,-36.1476,112.211)
(-18.2789,-36.1545,112.885)
(-18.242,-36.1732,114.33)
(-18.2193,-36.1851,115.179)
(-18.1716,-36.2112,116.982)
(-18.163,-36.2175,117.349)
(-18.1449,-36.2313,118.175)
(-18.1376,-36.2381,118.53)
(-18.1308,-36.2449,118.878)
(-18.1176,-36.2583,119.601)
(-18.0511,-36.3498,123.859)
(-18.0234,-36.3816,125.25)
(-18.0145,-36.3932,125.753)
(-17.9908,-36.4285,127.162)
(-17.9756,-36.4534,128.132)
(-17.9331,-36.5253,130.713)
(-17.8954,-36.5924,132.896)
(-17.8756,-36.6404,134.387)
(-17.8476,-36.7131,136.473)
(-17.8208,-36.7694,138.194)
(-17.7956,-36.8156,139.718)
(-17.7414,-36.9391,143.464)
(-17.7084,-37.0122,145.694)
(-17.6857,-37.066,147.261)
(-17.6579,-37.1359,149.253)
(-17.2764,-38.2637,180.169)
(-17.1817,-38.5414,187.799)
(-17.0294,-38.9862,200)
(-17.0292,-38.9868,200.018)
(-17.0288,-38.988,200.05)
(-17.0288,-38.988,200.05)
(-16.4763,-40.5802,244.147)
(-16.4032,-40.7901,250)
(-16.403,-40.7908,250.018)
(-16.4026,-40.7919,250.05)
(-16.4026,-40.7919,250.05)
(18.5359,22.0523,-1.01)
(18.5359,22.0523,-0.99)
(18.5359,22.0523,0)
(18.5359,22.0523,0.018)
(18.5359,22.0523,0.05)
(18.5359,22.0523,0.050001)
(18.5363,22.0523,0.841493)
(18.5461,22.05,24.7612)
(18.553,22.0432,50)
(18.553,22.0432,50.018)
(18.553,22.0432,50.05)
(18.553,22.0432,50.05)
(18.5547,22.0451,52.7242)
(18.572,22.0644,80.8777)
(18.5724,22.0648,81.4011)
(18.5802,22.0755,94.8506)
(18.5823,22.0791,99.082)
(18.5828,22.0801,100.235)
(18.5833,22.0811,101.449)
(18.5833,22.0811,101.501)
(18.5835,22.0814,101.945)
(18.5842,22.0816,102.31)
(18.5844,22.0818,102.599)
(18.5813,22.0844,103.773)
(18.577,22.0887,104.711)
(18.5679,22.1067,106.446)
(18.5033,22.1382,115.03)
(18.5006,22.139,115.448)
(18.4937,22.1385,116.578)
(18.4893,22.1365,117.392)
(18.4597,22.1282,122.575)
(18.4586,22.1283,122.845)
(18.4583,22.1285,122.984)
(18.4552,22.1308,123.952)
(18.4525,22.1324,124.709)
(18.4471,22.1366,128.449)
(18.4485,22.1395,129.719)
(18.4473,22.1448,131.502)
(18.4473,22.1449,131.519)
(18.448,22.1686,134.469)
(18.4504,22.1775,135.438)
(18.4535,22.1864,136.326)
(18.4543,22.1883,136.535)
(18.4667,22.2075,138.687)
(18.4689,22.2117,139.122)
(18.4772,22.2231,140.569)
(18.4824,22.2316,141.868)
(18.4852,22.238,143.023)
(18.4863,22.2413,143.549)
(18.4964,22.2787,148.62)
(18.5176,22.2973,152.955)
(18.5824,22.3531,165.782)
(18.6428,22.4065,178.298)
(18.7475,22.4976,200)
(18.7476,22.4976,200.018)
(18.7478,22.4978,200.05)
(18.7478,22.4978,200.05)
(18.8362,22.574,220.163)
(18.9215,22.647,239.729)
(18.9372,22.6595,243.285)
(18.9661,22.6829,250)
(18.9662,22.6829,250.018)
(18.9663,22.683,250.05)
(18.9663,22.683,250.05)
(-5.23587,23.9451,-1.01)
(-5.23587,23.9451,-0.99)
(-5.23589,23.9452,1.11022e-16)
(-5.23589,23.9452,0.018)
(-5.23589,23.9452,0.05)
(-5.23589,23.9452,0.050001)
(-5.23499,23.9394,9.80839)
(-5.23109,23.9163,50)
(-5.23109,23.9163,50.018)
(-5.23109,23.9163,50.05)
(-5.23109,23.9163,50.05)
(-5.23768,23.8826,84.452)
(-5.23902,23.8735,95.461)
(-5.24054,23.8895,98.9294)
(-5.24905,23.9052,101.069)
(-5.25286,23.9117,101.937)
(-5.25381,23.9134,102.137)
(-5.25686,23.9205,102.948)
(-5.26105,23.9308,104.023)
(-5.26164,23.9318,104.148)
(-5.27272,23.9464,106.955)
(-5.2734,23.9467,107.335)
(-5.27446,23.9442,108.535)
(-5.27223,23.9388,110.434)
(-5.27096,23.9362,111.287)
(-5.26693,23.9282,113.388)
(-5.26642,23.9281,113.522)
(-5.25669,23.9269,116.581)
(-5.25628,23.927,116.638)
(-5.19937,23.9584,123.694)
(-5.19711,23.9599,123.901)
(-5.19382,23.9622,124.207)
(-5.15023,23.9729,128.317)
(-5.14209,23.9722,129.102)
(-5.11388,23.9696,131.338)
(-5.07082,23.9688,134.161)
(-5.04454,23.9669,135.666)
(-5.03753,23.9663,136.074)
(-5.03208,23.9655,136.388)
(-5.00808,23.9578,137.793)
(-4.96653,23.9403,140.312)
(-4.88704,23.9582,144.448)
(-4.82519,23.989,147.378)
(-4.76131,24.0254,150.321)
(-4.74393,24.0351,151.114)
(-4.70209,24.0612,153.225)
(-4.70175,24.0614,153.241)
(-4.70092,24.0619,153.281)
(-4.69631,24.0646,153.495)
(-4.67086,24.0794,154.634)
(-3.77261,24.5215,194.093)
(-3.63874,24.5878,200)
(-3.63832,24.588,200.018)
(-3.63763,24.5884,200.05)
(-3.63763,24.5884,200.05)
(-3.63403,24.5903,200.22)
(-3.62822,24.5934,200.496)
(-2.58156,25.1491,250)
(-2.58119,25.1493,250.018)
(-2.58054,25.1497,250.05)
(-2.58054,25.1497,250.05)
(17.8331,19.4429,-1.01)
(17.8331,19.4429,-0.99)
(17.833,19.4429,0)
(17.833,19.4429,0.018)
(17.833,19.4429,0.05)
(17.833,19.4429,0.050001)
(17.7965,19.4622,50)
(17.7965,19.4622,50.018)
(17.7965,19.4622,50.05)
(17.7965,19.4622,50.05)
(17.6683,19.5693,92.0896)
(17.6427,19.5924,100.736)
(17.6397,19.6031,102.95)
(17.6387,19.6139,104.722)
(17.6413,19.6203,105.552)
(17.6435,19.6242,106.08)
(17.6519,19.6349,107.68)
(17.6752,19.6626,113.718)
(17.6635,19.6611,117.666)
(17.6547,19.652,119.748)
(17.633,19.6429,123.826)
(17.624,19.6443,125.658)
(17.6062,19.6423,130.11)
(17.6052,19.6423,130.488)
(17.6038,19.6423,130.855)
(17.602,19.6424,131.427)
(17.5925,19.6445,133.205)
(17.5846,19.6504,135.464)
(17.5821,19.6547,136.217)
(17.5719,19.6791,139.391)
(17.5695,19.6826,139.932)
(17.5672,19.6846,140.531)
(17.5625,19.6865,141.581)
(17.5503,19.6906,143.822)
(17.5488,19.6905,144.203)
(17.5452,19.6918,145.1)
(17.524,19.6984,149.35)
(17.5017,19.6546,172.231)
(17.497,19.6463,176.436)
(17.4747,19.6023,197.586)
(17.4722,19.5975,200)
(17.4722,19.5975,200.018)
(17.4722,19.5974,200.05)
(17.4722,19.5974,200.05)
(17.4674,19.5407,229.169)
(17.4704,19.5027,250)
(17.4704,19.5027,250.018)
(17.4704,19.5026,250.05)
(17.4704,19.5026,250.05)
(2.13139,36.5217,-1.01)
(2.13139,36.5217,-0.99)
(2.13143,36.5217,1.11022e-16)
(2.13143,36.5217,0.018)
(2.13142,36.5217,0.05)
(2.13142,36.5217,0.050001)
(2.14329,36.5247,6.74233)
(2.17062,36.5322,21.0211)
(2.1868,36.5367,29.9399)
(2.20462,36.5429,39.826)
(2.22315,36.5501,50)
(2.22319,36.5501,50.018)
(2.22326,36.5501,50.05)
(2.22326,36.5501,50.05)
(2.2398,36.5603,57.7686)
(2.2789,36.5838,75.4519)
(2.3235,36.6039,95.0901)
(2.3259,36.5938,98.3401)
(2.3186,36.5848,102.348)
(2.31796,36.5851,102.676)
(2.31604,36.5862,103.361)
(2.30853,36.5881,104.736)
(2.3064,36.5879,105.093)
(2.29988,36.5862,105.89)
(2.26269,36.5801,111.814)
(2.2595,36.5807,112.957)
(2.25972,36.5804,113.537)
(2.261,36.5795,114.146)
(2.26106,36.5795,114.171)
(2.26207,36.5729,116.867)
(2.28491,36.5763,124.575)
(2.29426,36.5723,125.604)
(2.30264,36.569,126.367)
(2.37305,36.5562,133.53)
(2.38336,36.5548,134.861)
(2.38718,36.5532,135.494)
(2.39505,36.549,136.787)
(2.41099,36.532,139.893)
(2.41906,36.5213,141.339)
(2.42246,36.5172,142.006)
(2.45426,36.4829,145.735)
(2.46975,36.4673,147.372)
(2.47328,36.4619,147.822)
(2.4788,36.4549,148.445)
(2.49583,36.4363,150.353)
(2.5079,36.4223,151.903)
(2.5327,36.3974,154.893)
(2.59177,36.3671,167.194)
(2.75144,36.2875,200)
(2.75153,36.2875,200.018)
(2.75166,36.2874,200.05)
(2.75166,36.2874,200.05)
(2.94328,36.2207,236.922)
(2.99254,36.2043,246.119)
(3.01366,36.1974,250)
(3.01376,36.1973,250.018)
(3.01396,36.1973,250.05)
(3.01396,36.1973,250.05)
(-6.29399,-0.274604,-1.06758)
(-6.294,-0.274604,-1.01)
(-6.294,-0.274604,-0.99)
(-6.29408,-0.274605,1.11022e-16)
(-6.29409,-0.274604,0.018)
(-6.29409,-0.274593,0.05)
(-6.29409,-0.274593,0.050001)
(-6.31452,-0.262594,21.5167)
(-6.33348,-0.246694,42.2233)
(-6.34169,-0.239908,50)
(-6.34171,-0.239894,50.018)
(-6.34174,-0.239886,50.05)
(-6.34174,-0.239886,50.05)
(-6.42632,-0.25834,95.6964)
(-6.43367,-0.268848,99.1108)
(-6.44036,-0.283975,107.467)
(-6.43789,-0.283905,108.308)
(-6.43555,-0.282675,108.89)
(-6.43479,-0.282162,109.087)
(-6.42965,-0.277312,110.511)
(-6.42507,-0.272965,111.504)
(-6.40039,-0.252888,115.133)
(-6.39298,-0.245587,116.494)
(-6.38328,-0.237317,118.245)
(-6.38206,-0.236442,118.451)
(-6.37664,-0.230595,119.665)
(-6.37605,-0.229604,119.826)
(-6.35987,-0.206448,122.69)
(-6.35373,-0.178827,124.536)
(-6.33345,-0.0688417,131.601)
(-6.31082,0.105476,138.375)
(-6.31058,0.107215,138.443)
(-6.30856,0.122124,139.014)
(-6.30199,0.160684,140.513)
(-6.30056,0.181011,141.302)
(-6.29979,0.189007,141.609)
(-6.26932,0.314403,146.703)
(-6.26341,0.344369,147.816)
(-6.25894,0.364817,148.575)
(-6.25254,0.392333,149.652)
(-6.22455,0.503692,154.347)
(-6.14516,0.942318,172.399)
(-6.02269,1.61416,200)
(-6.02261,1.61459,200.018)
(-6.02246,1.61538,200.05)
(-6.02246,1.61538,200.05)
(-6.01332,1.66103,201.933)
(-5.77713,2.82607,250)
(-5.77704,2.8265,250.018)
(-5.77689,2.82727,250.05)
(-5.77689,2.82727,250.05)
(-28.5689,32.7549,-1.01)
(-28.5689,32.7549,-0.99)
(-28.5689,32.755,1.11022e-16)
(-28.5689,32.755,0.018)
(-28.5689,32.755,0.05)
(-28.5689,32.755,0.050001)
(-28.5892,32.767,40.522)
(-28.593,32.7676,46.4919)
(-28.5952,32.7681,50)
(-28.5952,32.7681,50.018)
(-28.5952,32.7681,50.0478)
(-28.5952,32.7681,50.05)
(-28.5952,32.7681,50.05)
(-28.562,32.7841,115.823)
(-28.5667,32.7852,118.335)
(-28.5698,32.7851,119.251)
(-28.5725,32.7857,119.745)
(-28.5817,32.787,121.192)
(-28.5974,32.7879,123.352)
(-28.6368,32.8083,127.728)
(-28.6381,32.8091,127.837)
(-28.6428,32.8116,128.206)
(-28.6683,32.8244,130.114)
(-28.6728,32.8269,130.442)
(-28.6905,32.8351,131.863)
(-28.6983,32.8397,132.567)
(-28.7111,32.8474,133.699)
(-28.7741,32.8857,140.993)
(-28.8769,32.9486,152.921)
(-29.1376,33.1094,183.888)
(-29.2703,33.1937,200)
(-29.2704,33.1937,200.018)
(-29.2707,33.1939,200.05)
(-29.2707,33.1939,200.05)
(-29.3364,33.235,209.231)
(-29.6258,33.402,250)
(-29.6259,33.4021,250.018)
(-29.6261,33.4022,250.05)
(-29.6261,33.4022,250.05)
(-22.0604,-9.9771,-1.01)
(-22.0604,-9.9771,-0.99)
(-22.0604,-9.97722,-1.11022e-16)
(-22.0604,-9.97722,0.018)
(-22.0604,-9.97723,0.05)
(-22.0604,-9.97723,0.050001)
(-22.0646,-9.9737,46.1583)
(-22.0645,-9.9741,49.6783)
(-22.0645,-9.97413,50)
(-22.0645,-9.97413,50.018)
(-22.0645,-9.97413,50.05)
(-22.0645,-9.97413,50.05)
(-22.0698,-9.9693,57.8398)
(-22.0728,-9.96621,62.6997)
(-22.0988,-9.93859,104.711)
(-22.0992,-9.93823,105.065)
(-22.1093,-9.92755,108.005)
(-22.1259,-9.91822,110.673)
(-22.14,-9.89243,115.737)
(-22.1405,-9.88943,116.143)
(-22.2025,-9.82524,124.837)
(-22.2096,-9.8219,125.552)
(-22.2139,-9.82022,125.973)
(-22.231,-9.81523,127.471)
(-22.248,-9.81063,128.93)
(-22.2915,-9.79079,133.291)
(-22.3096,-9.78041,135.428)
(-22.3183,-9.77537,136.45)
(-22.3204,-9.77334,136.761)
(-22.3214,-9.77201,136.921)
(-22.3407,-9.74305,140.841)
(-22.3469,-9.73908,142.202)
(-22.35,-9.73657,143.041)
(-22.3588,-9.73223,145.002)
(-22.4823,-9.61998,185.531)
(-22.5167,-9.59273,195.408)
(-22.5331,-9.57978,200)
(-22.5331,-9.57974,200.014)
(-22.5331,-9.57972,200.018)
(-22.5332,-9.57962,200.05)
(-22.5332,-9.57962,200.05)
(-22.6294,-9.42584,250)
(-22.6294,-9.42579,250.018)
(-22.6294,-9.42571,250.05)
(-22.6294,-9.42571,250.05)
(14.5106,-10.5892,-1.01)
(14.5106,-10.5892,-0.99)
(14.5107,-10.5892,0)
(14.5107,-10.5892,0.018)
(14.5107,-10.5892,0.05)
(14.5107,-10.5892,0.050001)
(14.5199,-10.5817,50)
(14.5199,-10.5817,50.018)
(14.5199,-10.5817,50.05)
(14.5199,-10.5817,50.05)
(14.5201,-10.5857,68.1439)
(14.524,-10.5951,98.7502)
(14.5252,-10.5981,101.481)
(14.5266,-10.5944,103.722)
(14.527,-10.5912,104.831)
(14.5259,-10.5896,105.8)
(14.5262,-10.5884,107.38)
(14.5342,-10.5953,112.893)
(14.5436,-10.597,113.917)
(14.5732,-10.5949,117.021)
(14.5866,-10.5983,118.4)
(14.614,-10.6037,120.579)
(14.6183,-10.6045,120.877)
(14.6475,-10.6087,122.772)
(14.6761,-10.6108,124.529)
(14.7406,-10.5932,129.895)
(14.7649,-10.5704,133.374)
(14.7657,-10.5698,133.487)
(14.7674,-10.5677,133.814)
(14.7729,-10.5632,134.855)
(14.7754,-10.5597,135.633)
(14.7784,-10.5561,136.472)
(14.7795,-10.5543,136.724)
(14.7865,-10.5438,138.582)
(14.7874,-10.5428,138.869)
(14.7886,-10.5422,139.247)
(14.7899,-10.5418,139.533)
(14.7916,-10.5406,140.047)
(14.7918,-10.5402,140.15)
(14.793,-10.537,140.934)
(14.7986,-10.5251,143.27)
(14.8019,-10.5184,145.076)
(14.8136,-10.4988,151.087)
(14.8292,-10.4852,155.067)
(14.8514,-10.4647,160.886)
(14.8803,-10.4383,168.582)
(14.9778,-10.343,196.178)
(14.9862,-10.335,198.485)
(14.9917,-10.3298,200)
(14.9918,-10.3297,200.018)
(14.9919,-10.3296,200.05)
(14.9919,-10.3296,200.05)
(15.123,-10.233,227.901)
(15.1595,-10.2061,235.387)
(15.2319,-10.1531,250)
(15.232,-10.1531,250.018)
(15.2322,-10.153,250.05)
(15.2322,-10.153,250.05)
(5.02255,9.69605,-1.01)
(5.02255,9.69605,-0.99)
(5.02256,9.69606,1.11022e-16)
(5.02256,9.69606,0.018)
(5.02256,9.69604,0.05)
(5.02256,9.69604,0.050001)
(5.0217,9.68954,5.59696)
(5.01461,9.63919,50)
(5.0146,9.63916,50.018)
(5.01461,9.63909,50.05)
(5.01461,9.63909,50.05)
(5.012,9.62594,54.1164)
(4.98365,9.4844,95.4168)
(4.99926,9.46954,101.339)
(5.01288,9.46433,103.374)
(5.05014,9.46225,107.896)
(5.0737,9.45378,110.605)
(5.09189,9.44507,112.202)
(5.09278,9.44477,112.277)
(5.1121,9.43842,113.947)
(5.12683,9.43465,114.788)
(5.15007,9.42865,116.216)
(5.19972,9.41355,119.15)
(5.30879,9.38954,125.096)
(5.32218,9.38492,126.087)
(5.32953,9.38304,126.641)
(5.34987,9.37644,128.103)
(5.41209,9.34869,133.012)
(5.43853,9.33397,135.115)
(5.45848,9.32258,136.676)
(5.46225,9.31973,136.989)
(5.46366,9.31889,137.103)
(5.46916,9.31552,137.577)
(5.49302,9.30319,139.512)
(5.54483,9.28978,142.678)
(5.55918,9.28103,143.695)
(5.57284,9.27231,144.776)
(5.60688,9.24852,147.725)
(5.62886,9.22207,150.067)
(5.66566,9.17538,154.46)
(6.26616,8.64853,200)
(6.2664,8.64833,200.018)
(6.26684,8.64797,200.05)
(6.26684,8.64797,200.05)
(6.63343,8.33165,229.172)
(6.65762,8.31054,231.13)
(6.69048,8.28202,233.779)
(6.89412,8.10643,250)
(6.89434,8.10624,250.018)
(6.89476,8.10588,250.05)
(6.89476,8.10588,250.05)
(-30.3935,38.3296,-1.01)
(-30.3935,38.3296,-0.99)
(-30.3935,38.3295,1.11022e-16)
(-30.3935,38.3295,0.018)
(-30.3935,38.3295,0.05)
(-30.3935,38.3295,0.050001)
(-30.3391,38.3299,50)
(-30.3391,38.3298,50.018)
(-30.3391,38.3298,50.05)
(-30.3391,38.3298,50.05)
(-30.3157,38.2825,82.2936)
(-30.2779,38.1417,173.35)
(-30.2771,38.1155,188.001)
(-30.2768,38.1111,190.376)
(-30.2762,38.0924,200)
(-30.2762,38.0924,200.018)
(-30.2762,38.0923,200.05)
(-30.2762,38.0923,200.05)
(-30.2817,38.0059,250)
(-30.2817,38.0059,250.018)
(-30.2817,38.0058,250.05)
(-30.2817,38.0058,250.05)
(-8.71569,16.1577,-1.01)
(-8.71569,16.1577,-0.99)
(-8.71562,16.1578,0)
(-8.71562,16.1578,0.018)
(-8.71562,16.1578,0.05)
(-8.71562,16.1578,0.050001)
(-8.73465,16.1982,39.2459)
(-8.73948,16.2096,50)
(-8.73949,16.2096,50.018)
(-8.73952,16.2097,50.05)
(-8.73952,16.2097,50.05)
(-8.77616,16.2446,96.3124)
(-8.77622,16.2447,96.4317)
(-8.77633,16.2456,97.1303)
(-8.78018,16.2456,100.026)
(-8.7912,16.2359,102.962)
(-8.80335,16.2332,107.972)
(-8.80734,16.2343,109.791)
(-8.80804,16.2343,110.144)
(-8.82194,16.2358,112.767)
(-8.84757,16.2463,116.334)
(-8.85958,16.2551,118.664)
(-8.86711,16.2595,119.87)
(-8.88418,16.2784,123.615)
(-8.8844,16.2786,123.662)
(-8.89865,16.2985,127.247)
(-8.89869,16.2986,127.271)
(-8.90334,16.3111,130.122)
(-8.92435,16.3567,139.883)
(-8.9244,16.3568,139.908)
(-8.92794,16.3692,142.021)
(-8.93046,16.3802,143.733)
(-8.93367,16.3876,144.823)
(-8.93418,16.4031,146.384)
(-8.93508,16.4483,152.268)
(-8.93558,16.461,153.638)
(-9.00479,16.9722,200)
(-9.00481,16.9724,200.018)
(-9.00485,16.9728,200.05)
(-9.00485,16.9728,200.05)
(-9.01243,17.0322,204.683)
(-9.02124,17.1029,210.204)
(-9.09131,17.604,249.232)
(-9.09275,17.614,250)
(-9.09278,17.6142,250.018)
(-9.09283,17.6146,250.05)
(-9.09283,17.6146,250.05)
(-12.0923,21.8467,-1.01)
(-12.0923,21.8467,-0.99)
(-12.0923,21.8467,1.11022e-16)
(-12.0923,21.8467,0.018)
(-12.0923,21.8467,0.05)
(-12.0923,21.8467,0.050001)
(-12.1092,21.8168,29.4982)
(-12.1109,21.8132,32.8972)
(-12.1112,21.8127,33.3805)
(-12.1152,21.8021,44.3367)
(-12.1171,21.7963,50)
(-12.1171,21.7963,50.018)
(-12.1171,21.7962,50.05)
(-12.1171,21.7962,50.05)
(-12.1185,21.7889,53.9037)
(-12.1226,21.7691,64.7886)
(-12.1456,21.7134,96.8567)
(-12.1462,21.7122,97.5688)
(-12.1469,21.7125,98.8241)
(-12.151,21.7182,101.558)
(-12.1517,21.7187,101.846)
(-12.1599,21.7198,103.587)
(-12.1614,21.7196,103.906)
(-12.1656,21.7187,104.883)
(-12.1706,21.7161,106.05)
(-12.1862,21.709,110.503)
(-12.1861,21.7094,110.874)
(-12.1863,21.7183,114.825)
(-12.2006,21.728,119.49)
(-12.2102,21.7341,121.536)
(-12.25,21.7584,129.188)
(-12.25,21.7584,129.19)
(-12.2502,21.7586,129.208)
(-12.2619,21.7699,130.541)
(-12.3437,21.8282,139.417)
(-12.3905,21.8589,143.495)
(-12.4037,21.8732,144.766)
(-12.4337,21.9031,148.295)
(-12.4343,21.9038,148.456)
(-12.4383,21.9085,149.766)
(-12.4295,21.9007,151.327)
(-12.421,21.8937,152.129)
(-12.4193,21.8921,152.309)
(-12.2367,21.7295,171.844)
(-12.1231,21.6293,183.765)
(-12.1198,21.6264,184.114)
(-12.0245,21.5434,194.162)
(-11.9686,21.4949,200)
(-11.9684,21.4948,200.018)
(-11.9681,21.4945,200.05)
(-11.9681,21.4945,200.05)
(-11.8419,21.4064,211.583)
(-11.8389,21.4043,211.86)
(-11.4275,21.1203,250)
(-11.4273,21.1202,250.018)
(-11.4269,21.1199,250.05)
(-11.4269,21.1199,250.05)
(-0.197205,-11.9255,-1.01)
(-0.197206,-11.9255,-0.99)
(-0.19724,-11.9255,0)
(-0.197242,-11.9255,0.018)
(-0.197253,-11.9255,0.05)
(-0.197253,-11.9255,0.050001)
(-0.194653,-11.956,18.7655)
(-0.189388,-12.007,50)
(-0.189374,-12.007,50.018)
(-0.189354,-12.007,50.05)
(-0.189354,-12.007,50.05)
(-0.188529,-12.0077,50.601)
(-0.157488,-12.0347,72.838)
(-0.125091,-12.0606,95.0003)
(-0.12303,-12.0602,96.1759)
(-0.12258,-12.0591,97.3154)
(-0.122584,-12.0604,99.5535)
(-0.127668,-12.0626,101.629)
(-0.129533,-12.0665,103.425)
(-0.128905,-12.0689,104.218)
(-0.115041,-12.0779,107.491)
(-0.0934976,-12.1008,113.393)
(-0.0915877,-12.1105,115.02)
(-0.502142,-12.0149,123.257)
(-0.673129,-11.9671,126.1)
(-0.709343,-11.958,126.693)
(-1.126,-11.877,133.567)
(-1.13663,-11.8752,133.739)
(-1.23832,-11.8579,135.391)
(-1.46669,-11.8237,138.955)
(-1.50595,-11.8181,139.549)
(-1.7719,-11.7843,143.646)
(-1.88468,-11.7768,145.324)
(-1.90861,-11.7755,145.668)
(-1.95614,-11.7736,146.354)
(-1.96304,-11.7733,146.452)
(-2.22692,-11.7579,150.18)
(-2.35018,-11.748,151.912)
(-2.56673,-11.7291,154.89)
(-3.02748,-11.6733,161.323)
(-4.58472,-11.4822,183.067)
(-5.79905,-11.3264,200)
(-5.80034,-11.3262,200.018)
(-5.80262,-11.3259,200.05)
(-5.80262,-11.3259,200.05)
(-6.02653,-11.2961,203.151)
(-8.43005,-10.9806,236.387)
(-8.66649,-10.9485,239.648)
(-9.15574,-10.8816,246.404)
(-9.41688,-10.8456,250)
(-9.41819,-10.8454,250.018)
(-9.42051,-10.8451,250.05)
(-9.42051,-10.8451,250.05)
(-1.11965,2.61037,-1.01)
(-1.11965,2.61037,-0.99)
(-1.11973,2.61043,1.11022e-16)
(-1.11974,2.61043,0.018)
(-1.11977,2.61044,0.05)
(-1.11977,2.61044,0.050001)
(-1.12507,2.60619,10.0312)
(-1.14656,2.58787,50)
(-1.14656,2.58786,50.018)
(-1.14657,2.58786,50.05)
(-1.14657,2.58786,50.05)
(-1.14855,2.58473,59.6014)
(-1.15194,2.57747,84.0691)
(-1.15392,2.57611,89.9424)
(-1.15646,2.57485,95.0223)
(-1.15692,2.57484,95.9042)
(-1.15982,2.57743,97.4047)
(-1.16719,2.57064,102.557)
(-1.16532,2.56093,104.71)
(-1.16443,2.55381,105.782)
(-1.16026,2.53216,108.292)
(-1.15289,2.49435,113.103)
(-1.14294,2.45973,119.48)
(-1.14324,2.44651,122.19)
(-1.14528,2.44317,122.907)
(-1.14741,2.43844,125.229)
(-1.14613,2.43605,127.942)
(-1.14938,2.4353,130.229)
(-1.1558,2.42759,133.324)
(-1.16036,2.42305,136.394)
(-1.16286,2.41647,138.661)
(-1.12891,2.38327,143.625)
(-1.10323,2.35754,147.388)
(-1.10203,2.35745,147.603)
(-1.06431,2.35121,154.981)
(-1.03767,2.36534,162.809)
(-0.911266,2.43629,200)
(-0.91121,2.43633,200.018)
(-0.911126,2.43641,200.05)
(-0.911126,2.43641,200.05)
(-0.798164,2.55174,247.084)
(-0.791069,2.5591,250)
(-0.791026,2.55915,250.018)
(-0.790949,2.55925,250.05)
(-0.790949,2.55925,250.05)
(-2.06702,-14.6477,-1.01)
(-2.06702,-14.6477,-0.99)
(-2.06709,-14.6476,1.11022e-16)
(-2.06709,-14.6476,0.018)
(-2.06711,-14.6477,0.05)
(-2.06711,-14.6477,0.050001)
(-2.06855,-14.6524,5.86942)
(-2.07027,-14.6626,15.4377)
(-2.06917,-14.7256,45.1948)
(-2.06827,-14.7366,50)
(-2.06826,-14.7366,50.018)
(-2.06824,-14.7367,50.05)
(-2.06824,-14.7367,50.05)
(-2.06749,-14.7752,76.6651)
(-2.07099,-14.7998,95.0716)
(-2.06986,-14.8038,97.1956)
(-2.06894,-14.8075,99.6091)
(-2.06916,-14.8075,99.7797)
(-2.06958,-14.8077,100.109)
(-2.07098,-14.8094,100.921)
(-2.0853,-14.83,107.463)
(-2.09953,-14.8483,109.907)
(-2.10744,-14.8578,111.338)
(-2.14697,-14.8889,115.737)
(-2.16426,-14.9037,118.906)
(-2.20354,-14.9188,122.812)
(-2.26943,-14.9324,127.86)
(-2.30279,-14.9491,130.719)
(-2.33137,-14.9685,134.434)
(-2.33196,-14.9685,134.571)
(-2.34186,-14.964,137.417)
(-2.34697,-14.9616,138.388)
(-2.36465,-14.9543,141.065)
(-2.40952,-14.9294,147)
(-2.41709,-14.9183,148.29)
(-2.43016,-14.9029,150.244)
(-2.43028,-14.9028,150.261)
(-2.43776,-14.8967,151.345)
(-2.46714,-14.8736,154.898)
(-2.58283,-14.835,166.569)
(-2.7112,-14.7966,179.229)
(-2.77658,-14.7765,185.712)
(-2.9222,-14.7305,200)
(-2.92239,-14.7305,200.018)
(-2.92272,-14.7304,200.05)
(-2.92272,-14.7304,200.05)
(-3.12765,-14.692,218.635)
(-3.21483,-14.6741,226.571)
(-3.46473,-14.6199,250)
(-3.46493,-14.6199,250.018)
(-3.46527,-14.6198,250.05)
(-3.46527,-14.6198,250.05)
(13.5591,21.5401,-1.01)
(13.5591,21.5401,-0.99)
(13.5591,21.5401,0)
(13.5591,21.5401,0.018)
(13.5592,21.5401,0.05)
(13.5592,21.5401,0.050001)
(13.5671,21.5316,50)
(13.5671,21.5316,50.018)
(13.5671,21.5316,50.05)
(13.5671,21.5316,50.05)
(13.5882,21.5452,82.8092)
(13.6002,21.5524,98.2599)
(13.5978,21.5534,100.644)
(13.8039,22.4579,102.085)
(14.23,24.3863,105.143)
(14.3921,25.137,106.35)
(14.4591,25.4413,106.839)
(14.6303,26.2168,108.081)
(14.6709,26.3979,108.371)
(14.91,27.4488,110.05)
(14.9281,27.5281,110.176)
(15.1197,28.369,111.511)
(15.3708,29.4766,113.271)
(15.4015,29.6101,113.482)
(15.5205,30.1216,114.292)
(16.3888,33.918,120.244)
(16.7175,35.3413,122.446)
(16.7548,35.5014,122.694)
(16.856,35.9302,123.361)
(17.1074,37.012,125.049)
(17.3221,37.9516,126.526)
(17.6669,39.4023,128.81)
(17.7039,39.5522,129.045)
(17.8143,40,129.746)
(19.1652,45.473,138.292)
(20.7538,51.8998,148.334)
(21.0459,53.0807,150.179)
(21.2768,54.0141,151.637)
(21.4355,54.6568,152.641)
(21.7856,56.0743,154.854)
(24.1508,65.6524,169.805)
(24.9927,69.0556,175.116)
(32.6209,99.7238,222.98)
(13.5905,21.5224,100.666)
(13.4359,20.8619,101.147)
(13.1909,19.8356,101.889)
(12.9948,19.007,102.486)
(12.9257,18.7177,102.697)
(12.341,16.2869,104.483)
(12.0709,15.1575,105.33)
(12.0681,15.1457,105.339)
(11.9726,14.7465,105.639)
(11.725,13.7112,106.412)
(11.5396,12.9562,106.98)
(11.1913,11.5393,108.045)
(11.1874,11.5231,108.057)
(10.787,9.82835,109.322)
(10.6974,9.43706,109.614)
(10.5668,8.87273,110.032)
(10.3862,8.05954,110.626)
(10.2188,7.33721,111.156)
(10.0716,6.69009,111.647)
(9.97696,6.28118,111.962)
(9.85022,5.749,112.374)
(9.73359,5.26269,112.739)
(9.62575,4.8285,113.067)
(9.53363,4.43541,113.368)
(9.45781,4.07738,113.637)
(9.39235,3.7609,113.883)
(9.3395,3.47823,114.108)
(9.29603,3.22533,114.313)
(9.25903,2.99524,114.492)
(9.22651,2.7851,114.65)
(9.19645,2.59753,114.791)
(9.17178,2.42737,114.917)
(9.14954,2.27264,115.027)
(9.13099,2.13339,115.125)
(9.11382,2.00721,115.212)
(9.09936,1.89343,115.289)
(9.08506,1.78903,115.354)
(9.06938,1.69638,115.409)
(9.05557,1.61757,115.455)
(9.04885,1.56151,115.488)
(9.04855,1.55666,115.491)
(9.04855,1.55666,115.491)
(25.2681,35.5343,-1.01)
(25.2681,35.5343,-0.99)
(25.2681,35.5342,0)
(25.2681,35.5342,0.018)
(25.2681,35.5342,0.05)
(25.2681,35.5342,0.050001)
(25.2684,35.5345,0.674824)
(25.2893,35.5509,50)
(25.2893,35.5509,50.018)
(25.2893,35.5508,50.05)
(25.2893,35.5508,50.05)
(25.2956,35.5583,56.4996)
(25.3209,35.5939,85.2479)
(25.3394,35.6203,108.014)
(25.34,35.6213,108.941)
(25.3414,35.6223,110.044)
(25.3411,35.6233,111.539)
(25.3402,35.6212,112.503)
(25.3397,35.6202,112.784)
(25.3395,35.6199,112.867)
(25.3326,35.61,116.787)
(25.3302,35.6096,118.12)
(25.3294,35.6096,118.495)
(25.3282,35.6087,118.984)
(25.3268,35.6034,120.394)
(25.3263,35.6001,121.042)
(25.316,35.5841,123.508)
(25.2973,35.5616,126.463)
(25.2968,35.5611,126.546)
(25.2776,35.5444,128.921)
(25.2354,35.4871,133.982)
(25.1884,35.4339,138.233)
(25.1825,35.4279,138.651)
(25.1471,35.3932,141.359)
(25.0196,35.2706,150.188)
(24.2955,34.5774,200)
(24.2953,34.5771,200.018)
(24.2948,34.5767,200.05)
(24.2948,34.5767,200.05)
(23.9429,34.2589,223.711)
(23.9036,34.2227,226.361)
(23.7045,34.0421,239.856)
(23.5565,33.9059,250)
(23.5562,33.9056,250.018)
(23.5557,33.9052,250.05)
(23.5557,33.9052,250.05)
(-19.9712,12.0023,-1.01)
(-19.9712,12.0023,-0.99)
(-19.9712,12.0023,0)
(-19.9712,12.0023,0.018)
(-19.9711,12.0023,0.05)
(-19.9711,12.0023,0.050001)
(-20.0913,12.1028,50)
(-20.0913,12.1028,50.018)
(-20.0914,12.1029,50.05)
(-20.0914,12.1029,50.05)
(-20.2233,12.2321,102.841)
(-20.2335,12.247,106.09)
(-20.2354,12.2554,107.146)
(-20.2371,12.2611,107.815)
(-20.2402,12.2963,112.485)
(-20.2402,12.2996,112.893)
(-20.2411,12.308,113.977)
(-20.2411,12.3083,114.016)
(-20.2416,12.3146,114.917)
(-20.2414,12.3159,115.083)
(-20.2356,12.3377,117.907)
(-20.2327,12.3586,120.316)
(-20.2299,12.3716,121.608)
(-20.2133,12.3981,124.586)
(-20.2117,12.4013,124.958)
(-20.182,12.4428,128.999)
(-20.1737,12.4533,130.091)
(-20.1718,12.4562,130.376)
(-20.152,12.4964,133.363)
(-20.1427,12.522,135.014)
(-20.1411,12.5282,135.398)
(-20.1405,12.5317,135.621)
(-20.1404,12.5326,135.675)
(-20.129,12.6427,141.875)
(-20.129,12.6429,141.887)
(-20.1155,12.7197,146.036)
(-20.1111,12.7449,147.261)
(-19.9707,13.7038,193.285)
(-19.9512,13.8367,199.775)
(-19.9505,13.8413,200)
(-19.9505,13.8416,200.018)
(-19.9504,13.8423,200.05)
(-19.9504,13.8423,200.05)
(-19.9497,13.8465,200.264)
(-19.9138,14.0617,210.895)
(-19.8601,14.4063,228.024)
(-19.789,14.8446,250)
(-19.789,14.845,250.018)
(-19.7888,14.8456,250.05)
(-19.7888,14.8456,250.05)
(14.7419,-39.9741,-1.01)
(14.7419,-39.9741,-0.99)
(14.7419,-39.9741,1.11022e-16)
(14.7419,-39.9741,0.018)
(14.7419,-39.9741,0.05)
(14.7419,-39.9741,0.050001)
(14.7348,-39.9772,33.426)
(14.7322,-39.9775,50)
(14.7322,-39.9775,50.018)
(14.7322,-39.9775,50.05)
(14.7322,-39.9775,50.05)
(14.7289,-39.9864,79.1577)
(14.7253,-39.9884,98.8626)
(14.7256,-39.9893,99.4391)
(14.7254,-39.9907,100.911)
(14.725,-39.9999,107.764)
(14.725,-40,107.783)
(14.9096,-40.2685,154.932)
(14.9498,-40.3257,165.303)
(15.0521,-40.478,193.578)
(15.0744,-40.5119,200)
(15.0745,-40.512,200.018)
(15.0746,-40.5122,200.05)
(15.0746,-40.5122,200.05)
(15.2992,-40.7557,250)
(15.2993,-40.7558,250.018)
(15.2994,-40.756,250.05)
(15.2994,-40.756,250.05)
(30.2876,-0.477283,-1.01)
(30.2876,-0.477284,-0.99)
(30.2875,-0.477345,0)
(30.2875,-0.477346,0.018)
(30.2875,-0.477341,0.05)
(30.2875,-0.477341,0.050001)
(30.3017,-0.439736,50)
(30.3017,-0.43972,50.018)
(30.3017,-0.439691,50.05)
(30.3017,-0.439691,50.05)
(30.2848,-0.367174,102.922)
(30.2784,-0.347834,135.874)
(30.2733,-0.336399,151.899)
(30.2733,-0.336206,152.173)
(30.2731,-0.305313,188.672)
(30.2729,-0.300572,193.846)
(30.2733,-0.296372,200)
(30.2733,-0.296365,200.018)
(30.2733,-0.296352,200.05)
(30.2733,-0.296352,200.05)
(30.2692,-0.292918,206.828)
(30.263,-0.281584,250)
(30.263,-0.28158,250.018)
(30.263,-0.281565,250.05)
(30.263,-0.281565,250.05)
(2.03548,-7.95642,-1.01)
(2.03548,-7.95642,-0.99)
(2.03548,-7.95636,0)
(2.03548,-7.95635,0.018)
(2.03549,-7.95634,0.05)
(2.03549,-7.95634,0.050001)
(2.00605,-7.94596,17.2652)
(1.97226,-7.93537,37.5636)
(1.95361,-7.93036,50)
(1.95359,-7.93035,50.018)
(1.95356,-7.93036,50.05)
(1.95356,-7.93036,50.05)
(1.89611,-7.94174,81.1946)
(1.87096,-7.94896,95.0584)
(1.86684,-7.95262,101.097)
(1.86712,-7.95837,102.295)
(1.86854,-7.9646,103.289)
(1.88911,-8.01728,108.505)
(1.90007,-8.03729,110.605)
(1.98262,-8.18318,122.08)
(1.98313,-8.18849,122.438)
(1.98454,-8.32491,134.895)
(1.94753,-8.39398,141.346)
(1.93737,-8.40534,142.726)
(1.92258,-8.4209,144.766)
(1.90454,-8.43361,147.044)
(1.89188,-8.44395,148.739)
(1.89151,-8.44434,148.803)
(1.88364,-8.45461,150.468)
(1.87975,-8.47012,154.941)
(1.89089,-8.51256,162.582)
(1.92925,-8.64416,187.132)
(1.93183,-8.64974,188.453)
(1.94082,-8.66946,193.107)
(1.95461,-8.6984,200)
(1.95465,-8.69847,200.018)
(1.9547,-8.6986,200.05)
(1.9547,-8.6986,200.05)
(1.97164,-8.73941,209.999)
(2.04689,-8.90725,250)
(2.04693,-8.90732,250.018)
(2.04699,-8.90744,250.05)
(2.04699,-8.90744,250.05)
(31.1057,-23.0268,-1.01)
(31.1057,-23.0268,-0.99)
(31.1057,-23.0269,0)
(31.1057,-23.0269,0.018)
(31.1058,-23.0269,0.05)
(31.1058,-23.0269,0.050001)
(31.1158,-23.0155,18.2473)
(31.1306,-22.9942,50)
(31.1306,-22.9941,50.018)
(31.1306,-22.9941,50.05)
(31.1306,-22.9941,50.05)
(31.1487,-22.9682,80.5382)
(31.1543,-22.9585,89.5309)
(31.1795,-22.9166,122.695)
(31.1933,-22.8897,143.387)
(31.2065,-22.8487,169.662)
(31.2219,-22.8022,200)
(31.2219,-22.8022,200.018)
(31.2219,-22.8021,200.05)
(31.2219,-22.8021,200.05)
(31.2219,-22.691,250)
(31.2219,-22.6909,250.018)
(31.2219,-22.6909,250.05)
(31.2219,-22.6909,250.05)
(8.18468,7.84637,-1.01)
(8.18468,7.84637,-0.99)
(8.1847,7.8464,0)
(8.1847,7.8464,0.018)
(8.18471,7.8464,0.05)
(8.18471,7.8464,0.050001)
(8.20246,7.81553,50)
(8.20247,7.81552,50.018)
(8.20249,7.81549,50.05)
(8.20249,7.81549,50.05)
(8.20748,7.80817,62.4516)
(8.22557,7.78757,89.7146)
(8.22762,7.78554,91.9251)
(8.22918,7.78343,94.1719)
(8.22985,7.78256,95.1068)
(8.2306,7.78161,96.1511)
(8.2309,7.78124,96.5359)
(8.23522,7.77964,98.6431)
(8.23558,7.77895,99.6395)
(8.23562,7.77726,100.503)
(8.23565,7.77659,100.729)
(8.2529,7.7685,106.452)
(8.25416,7.76924,106.92)
(8.25865,7.77149,108.36)
(8.26058,7.77159,108.927)
(8.26585,7.77063,110.31)
(8.26693,7.76974,110.617)
(8.26836,7.76512,111.586)
(8.26707,7.75489,113.096)
(8.2677,7.75115,113.525)
(8.27106,7.73979,114.493)
(8.2775,7.72408,115.633)
(8.27847,7.72057,115.912)
(8.2798,7.7167,116.263)
(8.28845,7.70441,117.373)
(8.29698,7.69503,118.235)
(8.31435,7.68213,119.707)
(8.3785,7.63987,123.917)
(8.3805,7.63833,124.066)
(8.38201,7.63708,124.182)
(8.44698,7.59796,128.76)
(8.46559,7.58294,130.241)
(8.51046,7.55741,133.413)
(8.61388,7.51161,139.315)
(8.61552,7.51025,139.413)
(8.6176,7.50848,139.538)
(8.62212,7.50487,139.806)
(8.6705,7.46507,142.892)
(8.74288,7.4259,146.12)
(8.79792,7.40334,148.077)
(8.9017,7.35807,151.766)
(8.96012,7.33302,153.631)
(9.33828,7.15765,165.271)
(10.1135,6.79802,189.064)
(10.3234,6.7007,195.536)
(10.4685,6.63378,200)
(10.4691,6.63351,200.018)
(10.4701,6.63304,200.05)
(10.4701,6.63304,200.05)
(12.0871,5.87462,250)
(12.0877,5.87435,250.018)
(12.0887,5.87385,250.05)
(12.0887,5.87385,250.05)
(-13.8656,38.2394,-1.09352)
(-13.8656,38.2394,-1.01)
(-13.8656,38.2394,-0.99)
(-13.8656,38.2394,0)
(-13.8656,38.2394,0.0141744)
(-13.8656,38.2394,0.018)
(-13.8656,38.2394,0.05)
(-13.8656,38.2394,0.050001)
(-13.8495,38.2115,25.3265)
(-13.8313,38.1817,50)
(-13.8312,38.1816,50.018)
(-13.8312,38.1816,50.05)
(-13.8312,38.1816,50.05)
(-13.8252,38.0724,98.3755)
(-13.8248,38.0715,98.8224)
(-13.8225,38.0712,99.6978)
(-13.7995,38.0783,104.742)
(-13.7876,38.0774,107.579)
(-13.7759,38.0745,109.877)
(-13.764,38.0739,111.709)
(-13.7515,38.0817,113.632)
(-13.7484,38.0845,114.135)
(-13.7418,38.0907,115.248)
(-13.7408,38.0916,115.404)
(-13.7397,38.0925,115.574)
(-13.7347,38.0963,116.336)
(-13.7296,38.0995,116.942)
(-13.7165,38.1067,118.345)
(-13.7056,38.114,119.555)
(-13.6995,38.121,120.338)
(-13.6967,38.1245,120.705)
(-13.696,38.1252,120.789)
(-13.6727,38.1495,124.205)
(-13.6546,38.1747,127.12)
(-13.6521,38.1828,127.991)
(-13.6492,38.1965,129.412)
(-13.6478,38.2004,129.805)
(-13.641,38.2162,131.202)
(-13.6399,38.219,131.439)
(-13.6392,38.2205,131.571)
(-13.627,38.2454,133.868)
(-13.6019,38.2953,138.468)
(-13.5988,38.3015,138.998)
(-13.5958,38.3177,140.536)
(-13.5963,38.3243,141.119)
(-13.5964,38.3272,141.365)
(-13.5971,38.3323,141.797)
(-13.599,38.3541,143.873)
(-13.6061,38.4301,151.737)
(-13.8339,38.8013,182.264)
(-13.9587,39.0265,200)
(-13.9588,39.0268,200.018)
(-13.959,39.0272,200.05)
(-13.959,39.0272,200.05)
(-13.9883,39.0842,204.211)
(-14.0901,39.2773,218.198)
(-14.1166,39.3266,221.767)
(-14.3229,39.7178,250)
(-14.323,39.718,250.018)
(-14.3232,39.7184,250.05)
(-14.3232,39.7184,250.05)
(-26.6559,38.2961,-1.01)
(-26.6559,38.2961,-0.99)
(-26.6559,38.2959,1.11022e-16)
(-26.6559,38.2959,0.018)
(-26.6559,38.2959,0.05)
(-26.6559,38.2959,0.050001)
(-26.6678,38.3349,50)
(-26.6678,38.3349,50.018)
(-26.6678,38.335,50.05)
(-26.6678,38.335,50.05)
(-26.6696,38.3378,58.4674)
(-26.6722,38.341,91.7663)
(-26.6716,38.3453,111.266)
(-26.657,38.3417,114.94)
(-26.6274,38.3357,119.04)
(-26.5818,38.2605,127.285)
(-26.58,38.2512,128.01)
(-26.5675,38.193,133.938)
(-26.5653,38.1857,134.879)
(-26.5609,38.1713,137.022)
(-26.5586,38.1675,137.603)
(-26.5536,38.1605,138.838)
(-26.5531,38.1598,138.962)
(-26.4955,38.0862,151.947)
(-26.383,37.9481,175.816)
(-26.268,37.8056,200)
(-26.2679,37.8055,200.018)
(-26.2677,37.8053,200.05)
(-26.2677,37.8053,200.05)
(-26.1331,37.6717,227.253)
(-26.0217,37.5556,250)
(-26.0216,37.5555,250.018)
(-26.0214,37.5553,250.05)
(-26.0214,37.5553,250.05)
(-17.2555,-35.1974,-1.01)
(-17.2555,-35.1974,-0.99)
(-17.2554,-35.1974,0)
(-17.2554,-35.1974,0.018)
(-17.2554,-35.1974,0.05)
(-17.2554,-35.1974,0.050001)
(-17.2702,-35.2042,27.4743)
(-17.2833,-35.2096,50)
(-17.2833,-35.2096,50.018)
(-17.2833,-35.2096,50.05)
(-17.2833,-35.2096,50.05)
(-17.3087,-35.226,100.346)
(-17.3087,-35.226,100.497)
(-17.308,-35.2265,101.956)
(-17.2879,-35.2426,108.329)
(-17.287,-35.2429,108.51)
(-17.2457,-35.2679,113.056)
(-17.2381,-35.2725,113.812)
(-17.2256,-35.2813,115.208)
(-17.2132,-35.2961,117.584)
(-17.1714,-35.2995,125.295)
(-17.1546,-35.3051,127.559)
(-17.1218,-35.3097,130.824)
(-17.1093,-35.3091,131.934)
(-17.0993,-35.3085,132.822)
(-17.0895,-35.3086,133.888)
(-17.0566,-35.3127,137.224)
(-17.0548,-35.3123,137.409)
(-17.0179,-35.3039,140.394)
(-17.0128,-35.3037,140.778)
(-17.0081,-35.303,141.151)
(-17.0072,-35.3029,141.225)
(-16.9743,-35.2941,143.415)
(-16.8684,-35.2664,149.808)
(-16.8183,-35.2492,153.378)
(-16.5088,-35.1443,175.79)
(-16.1816,-35.0327,200)
(-16.1814,-35.0326,200.018)
(-16.181,-35.0325,200.05)
(-16.181,-35.0325,200.05)
(-15.7533,-34.9048,232.578)
(-15.6324,-34.869,241.885)
(-15.525,-34.8378,250)
(-15.5248,-34.8378,250.018)
(-15.5244,-34.8376,250.05)
(-15.5244,-34.8376,250.05)
(-6.09874,-8.33633,-1.01)
(-6.09874,-8.33633,-0.99)
(-6.09868,-8.33636,1.11022e-16)
(-6.09868,-8.33636,0.018)
(-6.09868,-8.33636,0.05)
(-6.09868,-8.33636,0.050001)
(-6.11251,-8.33077,31.5608)
(-6.11891,-8.32565,50)
(-6.11892,-8.32565,50.018)
(-6.11892,-8.32564,50.0333)
(-6.11892,-8.32565,50.05)
(-6.11892,-8.32565,50.05)
(-6.10842,-8.32678,72.0441)
(-6.10574,-8.32792,81.534)
(-6.10238,-8.33067,95.6272)
(-6.09859,-8.32146,101.653)
(-6.09734,-8.32003,102.095)
(-6.08664,-8.2966,106.134)
(-6.08236,-8.26975,108.405)
(-6.07361,-8.22039,111.904)
(-6.07083,-8.21764,112.127)
(-6.0486,-8.195,113.981)
(-6.04499,-8.19125,114.273)
(-5.99689,-8.14127,117.996)
(-5.99141,-8.13494,118.452)
(-5.9734,-8.11594,119.804)
(-5.94866,-8.09433,121.319)
(-5.88029,-8.04921,124.93)
(-5.8737,-8.0459,125.264)
(-5.72715,-7.97455,132.403)
(-5.60436,-7.98936,137.383)
(-5.50715,-8.0071,142.729)
(-5.50304,-8.00775,143.107)
(-5.48707,-7.99978,145.016)
(-5.44868,-7.96986,148.911)
(-5.44744,-7.96902,149.037)
(-5.44229,-7.96422,149.759)
(-5.43755,-7.95793,150.656)
(-5.42505,-7.92895,153.765)
(-5.42415,-7.92148,154.506)
(-5.34225,-7.66696,187.777)
(-5.3419,-7.666,187.905)
(-5.33571,-7.64908,190.153)
(-5.30851,-7.57566,200)
(-5.30846,-7.57552,200.018)
(-5.30838,-7.57529,200.05)
(-5.30838,-7.57529,200.05)
(-5.28222,-7.51362,208.868)
(-5.15637,-7.22087,250)
(-5.15632,-7.22074,250.018)
(-5.15623,-7.22052,250.05)
(-5.15623,-7.22052,250.05)
(28.7072,-29.8395,-1.01)
(28.7071,-29.8395,-0.99)
(28.7069,-29.8395,-1.11022e-16)
(28.7069,-29.8395,0.018)
(28.7069,-29.8396,0.05)
(28.7069,-29.8396,0.050001)
(28.7071,-29.8461,9.72902)
(28.7063,-29.8507,17.2915)
(28.7061,-29.8518,19.613)
(28.7048,-29.855,29.4022)
(28.7075,-29.8645,47.672)
(28.7073,-29.8655,50)
(28.7073,-29.8655,50.018)
(28.7073,-29.8655,50.05)
(28.7073,-29.8655,50.05)
(28.6612,-29.867,68.7835)
(28.5531,-29.8674,115.796)
(28.476,-29.8768,124.888)
(28.4424,-29.8855,126.622)
(28.4317,-29.8911,127.037)
(28.3915,-29.9132,128.615)
(28.3484,-29.9422,130.361)
(28.3451,-29.9446,130.492)
(28.2292,-30.0316,135.154)
(27.7024,-30.4247,162.113)
(27.2157,-30.7739,186.908)
(26.9571,-30.9546,200)
(26.9568,-30.9549,200.018)
(26.9561,-30.9553,200.05)
(26.9561,-30.9553,200.05)
(26.7704,-31.0759,209.437)
(26.7097,-31.1152,212.517)
(26.5933,-31.1902,218.408)
(26.3888,-31.3203,228.709)
(26.2636,-31.4001,234.982)
(26.2049,-31.4382,237.925)
(25.9651,-31.5941,250)
(25.9648,-31.5943,250.018)
(25.9641,-31.5947,250.05)
(25.9641,-31.5947,250.05)
(-5.44092,21.4028,-1.01)
(-5.44092,21.4028,-0.99)
(-5.44094,21.4028,1.11022e-16)
(-5.44094,21.4028,0.018)
(-5.44094,21.4028,0.05)
(-5.44094,21.4028,0.050001)
(-5.46751,21.4189,35.2755)
(-5.48125,21.4261,50)
(-5.48127,21.4261,50.018)
(-5.48131,21.4261,50.05)
(-5.48131,21.4261,50.05)
(-5.48845,21.426,61.0482)
(-5.49928,21.4202,81.4547)
(-5.50559,21.4154,95.5095)
(-5.50562,21.416,96.8794)
(-5.50828,21.4182,98.3338)
(-5.50947,21.4199,99.0864)
(-5.51575,21.4223,101.566)
(-5.51838,21.4219,102.236)
(-5.52289,21.4229,103.582)
(-5.5278,21.436,108.002)
(-5.52822,21.4359,108.861)
(-5.52828,21.4357,108.899)
(-5.52956,21.4214,112.15)
(-5.52923,21.4192,112.761)
(-5.52924,21.4192,112.772)
(-5.52387,21.4129,116.04)
(-5.51981,21.4115,117.22)
(-5.50121,21.4087,121.987)
(-5.48098,21.3875,126.168)
(-5.47174,21.377,127.251)
(-5.4553,21.3488,130.003)
(-5.45179,21.3427,130.55)
(-5.43371,21.3165,132.963)
(-5.42218,21.2712,135.795)
(-5.41724,21.252,137)
(-5.41475,21.2432,137.574)
(-5.405,21.2225,138.916)
(-5.40431,21.2211,139.008)
(-5.40091,21.2137,139.486)
(-5.39227,21.1969,140.438)
(-5.3877,21.1888,140.875)
(-5.36006,21.1484,143.129)
(-5.34461,21.1248,144.409)
(-5.31265,21.0521,147.708)
(-5.26331,20.948,151.201)
(-5.25275,20.9218,152.047)
(-5.22631,20.8432,154.541)
(-4.83646,20.1405,177.31)
(-4.55604,19.6368,193.689)
(-4.44876,19.4426,200)
(-4.44846,19.442,200.018)
(-4.44788,19.441,200.05)
(-4.44788,19.441,200.05)
(-4.07182,18.7997,221.094)
(-3.84035,18.4108,233.813)
(-3.546,17.9185,250)
(-3.54567,17.9179,250.018)
(-3.54508,17.9169,250.05)
(-3.54508,17.9169,250.05)
(2.22421,-36.4535,-4.36588)
(2.22426,-36.4538,-1.01)
(2.22426,-36.4538,-0.99)
(2.22424,-36.4539,0)
(2.22424,-36.454,0.018)
(2.22425,-36.4539,0.05)
(2.22425,-36.4539,0.050001)
(2.21906,-36.4121,46.7321)
(2.21999,-36.408,50)
(2.22,-36.408,50.018)
(2.22,-36.4079,50.05)
(2.22,-36.4079,50.05)
(2.21775,-36.3987,55.3841)
(2.20638,-36.3303,95.0812)
(2.20711,-36.328,96.7685)
(2.20874,-36.3263,99.9244)
(2.21133,-36.3326,101.177)
(2.21225,-36.3421,102.642)
(2.22079,-36.3774,106.865)
(2.24478,-36.4189,111.343)
(2.24885,-36.4231,111.896)
(2.25775,-36.4331,113.086)
(2.25943,-36.4353,113.343)
(2.28639,-36.4862,119.786)
(2.29682,-36.5028,122.35)
(2.30127,-36.5081,123.133)
(2.30383,-36.5104,123.574)
(2.30956,-36.5187,125.14)
(2.31018,-36.5194,125.268)
(2.31133,-36.5205,125.486)
(2.32722,-36.5316,127.691)
(2.39754,-36.5584,136.826)
(2.42265,-36.5413,140.619)
(2.42864,-36.5392,141.114)
(2.50914,-36.5115,146.923)
(2.56152,-36.495,150.247)
(2.58183,-36.4899,151.374)
(2.58675,-36.4888,151.634)
(2.58808,-36.4885,151.705)
(2.64875,-36.4761,154.883)
(2.68353,-36.4616,156.923)
(2.93817,-36.3537,171.841)
(3.28738,-36.2068,192.464)
(3.41512,-36.1527,200)
(3.41543,-36.1526,200.018)
(3.41597,-36.1523,200.05)
(3.41597,-36.1523,200.05)
(3.48976,-36.1201,204.611)
(3.56925,-36.0854,209.522)
(3.80767,-35.9782,224.122)
(4.2276,-35.7831,250)
(4.22789,-35.783,250.018)
(4.22839,-35.7828,250.05)
(4.22839,-35.7828,250.05)
(-27.1718,-21.3629,-3.22724)
(-27.1719,-21.3628,-1.01)
(-27.1719,-21.3628,-0.99)
(-27.1719,-21.3628,0)
(-27.1719,-21.3628,0.018)
(-27.1719,-21.3628,0.05)
(-27.1719,-21.3628,0.050001)
(-27.1748,-21.3648,3.73202)
(-27.2134,-21.3921,45.3971)
(-27.2157,-21.3971,50)
(-27.2157,-21.3971,50.018)
(-27.2157,-21.3971,50.05)
(-27.2157,-21.3971,50.05)
(-27.2385,-21.4302,74.4738)
(-27.2725,-21.4854,112.502)
(-27.2614,-21.4925,116.567)
(-27.2527,-21.4948,119.336)
(-27.2521,-21.4953,119.929)
(-27.2516,-21.4946,121.155)
(-27.2517,-21.4945,121.73)
(-27.2701,-21.5461,126.812)
(-27.3292,-21.5943,133.918)
(-27.3297,-21.595,134.011)
(-27.3313,-21.5978,134.401)
(-27.3336,-21.603,135.276)
(-27.3349,-21.6147,137.361)
(-27.5612,-22.0213,200)
(-27.5612,-22.0214,200.018)
(-27.5614,-22.0216,200.05)
(-27.5614,-22.0216,200.05)
(-27.6483,-22.1465,219.233)
(-27.7302,-22.2597,236.842)
(-27.7918,-22.3418,250)
(-27.7919,-22.3419,250.018)
(-27.792,-22.3421,250.05)
(-27.792,-22.3421,250.05)
(-25.9214,-21.3996,-1.01)
(-25.9214,-21.3996,-0.99)
(-25.9215,-21.3996,-1.11022e-16)
(-25.9215,-21.3996,0.018)
(-25.9215,-21.3996,0.05)
(-25.9215,-21.3996,0.050001)
(-25.9207,-21.395,8.25393)
(-25.9198,-21.3893,17.9964)
(-25.9188,-21.368,50)
(-25.9188,-21.368,50.018)
(-25.9188,-21.3679,50.05)
(-25.9188,-21.3679,50.05)
(-25.8991,-21.3409,108.813)
(-25.8987,-21.3406,109.859)
(-25.9007,-21.3423,112.94)
(-25.9105,-21.3299,117.072)
(-25.9152,-21.3189,118.684)
(-25.911,-21.2813,125.593)
(-25.9065,-21.2626,128.491)
(-25.9117,-21.2483,131.095)
(-25.919,-21.2411,132.968)
(-25.9217,-21.2387,133.56)
(-25.9225,-21.2377,133.771)
(-25.9288,-21.2254,135.423)
(-25.9509,-21.1889,139.76)
(-25.9525,-21.1877,140.049)
(-26.1793,-20.9795,182.916)
(-26.1943,-20.9667,185.553)
(-26.2057,-20.9568,187.568)
(-26.2762,-20.8964,200)
(-26.2763,-20.8963,200.018)
(-26.2765,-20.8962,200.05)
(-26.2765,-20.8962,200.05)
(-26.4756,-20.7466,235.84)
(-26.5572,-20.6901,250)
(-26.5573,-20.69,250.018)
(-26.5575,-20.6899,250.05)
(-26.5575,-20.6899,250.05)
(35.9816,-36.4997,-1.01)
(35.9816,-36.4997,-0.99)
(35.9814,-36.4997,-0.366319)
(35.9812,-36.4996,-5.55112e-17)
(35.9812,-36.4996,0.018)
(35.9812,-36.4996,0.05)
(35.9812,-36.4996,0.050001)
(35.9564,-36.5193,50)
(35.9564,-36.5193,50.018)
(35.9563,-36.5193,50.05)
(35.9563,-36.5193,50.05)
(35.9106,-36.4728,94.504)
(35.8925,-36.4619,105.75)
(35.878,-36.4532,115.56)
(35.818,-36.4254,152.071)
(35.742,-36.3924,200)
(35.742,-36.3924,200.018)
(35.7419,-36.3924,200.05)
(35.7419,-36.3924,200.05)
(35.6881,-36.4164,224.085)
(35.6519,-36.4381,242.35)
(35.6383,-36.4478,250)
(35.6382,-36.4478,250.018)
(35.6382,-36.4478,250.05)
(35.6382,-36.4478,250.05)
(31.3922,28.5641,-2.41147)
(31.3922,28.564,-1.01)
(31.3922,28.564,-0.99)
(31.3922,28.5639,1.11022e-16)
(31.3922,28.5639,0.018)
(31.3922,28.5639,0.05)
(31.3922,28.5639,0.050001)
(31.3908,28.5658,3.7462)
(31.3814,28.5757,20.9986)
(31.3644,28.5887,50)
(31.3644,28.5887,50.018)
(31.3644,28.5887,50.05)
(31.3644,28.5887,50.05)
(31.3825,28.5805,67.752)
(31.3854,28.5794,70.2001)
(31.3982,28.5749,80.2064)
(31.4241,28.5656,98.2518)
(31.5012,28.5415,141.332)
(31.5499,28.522,177.881)
(31.5499,28.5219,177.896)
(31.5511,28.5213,178.908)
(31.5525,28.5206,180.038)
(31.5588,28.5183,184.392)
(31.5815,28.5085,200)
(31.5816,28.5085,200.018)
(31.5816,28.5085,200.05)
(31.5816,28.5085,200.05)
(31.6277,28.4813,234.028)
(31.6495,28.4693,250)
(31.6495,28.4692,250.018)
(31.6496,28.4692,250.05)
(31.6496,28.4692,250.05)
(34.4868,-12.7038,-1.01)
(34.4868,-12.7038,-0.99)
(34.4867,-12.7038,1.11022e-16)
(34.4867,-12.7038,0.018)
(34.4867,-12.7038,0.05)
(34.4867,-12.7038,0.050001)
(34.483,-12.7042,32.1001)
(34.4827,-12.7077,50)
(34.4827,-12.7077,50.018)
(34.4827,-12.7077,50.05)
(34.4827,-12.7077,50.05)
(34.4759,-12.7353,80.5888)
(34.472,-12.7581,104.623)
(34.4585,-12.7831,137.715)
(34.4461,-12.8071,163.108)
(34.4311,-12.8437,200)
(34.4311,-12.8438,200.018)
(34.4312,-12.8438,200.05)
(34.4312,-12.8438,200.05)
(34.46,-12.8978,241.455)
(34.4703,-12.9109,250)
(34.4704,-12.9109,250.018)
(34.4704,-12.911,250.05)
(34.4704,-12.911,250.05)
4,-36.5726,195.69)
(22.7366,-36.6034,200)
(22.7369,-36.6035,200.018)
(22.7374,-36.6038,200.05)
(22.7374,-36.6038,200.05)
(22.9518,-36.6972,213.285)
(23.1991,-36.8074,228.781)
(23.5351,-36.9588,250)
(23.5354,-36.959,250.018)
(23.5359,-36.9592,250.05)
(23.5359,-36.9592,250.05)
